1 0 0
2 1 1
3 1 1
4 1 1
5 0 1
6 1 1
7 1 1
8 1 1
9 0 0
10 1 1
11 1 1
12 0 0
13 1 1
14 0 0
15 0 0
16 0 0
17 1 1
18 1 1
19 1 1
20 1 1
21 1 1
22 1 1
23 0 0
24 1 1
25 0 0
26 0 0
27 0 0
28 0 0
29 0 0
30 1 1
31 1 1
32 1 1
33 0 0
34 1 1
35 0 0
36 0 0
37 0 0
38 0 0
39 1 1
40 0 0
41 0 0
42 1 1
43 1 1
44 0 0
45 0 0
46 0 0
47 1 1
48 0 0
49 1 1
50 1 1
51 1 1
52 1 1
53 1 1
54 1 1
55 1 1
56 1 1
57 1 0
58 0 0
59 1 1
60 1 1
61 1 1
62 1 1
63 0 0
64 0 0
65 0 0
66 1 1
67 0 0
68 0 0
69 0 0
70 1 1
71 1 1
72 0 0
73 0 0
74 1 1
75 0 0
76 1 0
77 1 1
78 0 0
79 1 1
80 1 1
81 0 0
82 1 1
83 0 0
84 1 1
85 1 1
86 1 1
87 1 1
88 0 0
89 1 1
90 1 1
91 1 1
92 1 1
93 0 0
94 0 0
95 0 0
96 0 0
97 1 0
98 1 0
99 0 0
100 1 1
101 1 1
102 1 1
103 0 0
104 0 0
105 1 1
106 1 1
107 1 1
108 1 1
109 0 0
110 1 1
111 0 0
112 1 1
113 0 0
114 0 0
115 1 1
116 0 0
117 1 1
118 1 1
119 0 0
120 1 1
121 0 0
122 1 1
123 1 1
124 1 1
125 0 0
126 0 0
127 0 0
128 0 0
129 1 1
130 1 0
131 0 0
132 1 1
133 1 1
134 1 1
135 0 0
136 1 1
137 0 0
138 0 0
139 0 0
140 0 0
141 0 0
142 1 0
143 0 0
144 0 0
145 1 1
146 1 1
147 1 1
148 1 1
149 1 1
150 0 0
151 1 1
152 1 0
153 1 1
154 0 0
155 1 1
156 1 0
157 0 0
158 0 0
159 1 1
160 0 0
161 0 0
162 1 1
163 1 1
164 0 0
165 0 0
166 1 1
167 0 0
168 1 1
169 0 0
170 1 1
171 0 0
172 1 1
173 1 1
174 0 0
175 1 1
176 0 0
177 0 0
178 1 1
179 0 0
180 0 0
181 1 1
182 0 0
183 0 0
184 1 1
185 0 0
186 1 1
187 0 0
188 1 1
189 0 1
190 0 1
191 1 1
192 1 1
193 1 1
194 0 0
195 0 0
196 0 0
197 1 1
198 1 1
199 1 1
200 0 0
201 1 1
202 0 0
203 0 0
204 1 1
205 0 0
206 1 1
207 1 1
208 0 0
209 1 1
210 0 0
211 1 1
212 0 0
213 0 0
214 0 0
215 0 0
216 1 1
217 1 1
218 1 1
219 1 1
220 1 1
221 1 1
222 1 1
223 1 1
224 1 0
225 1 1
226 0 0
227 0 0
228 0 0
229 0 0
230 1 1
231 0 0
232 1 1
233 1 0
234 0 0
235 0 0
236 1 1
237 0 0
238 0 0
239 1 1
240 1 1
241 0 0
242 1 1
243 0 0
244 1 1
245 1 1
246 0 0
247 1 1
248 1 1
249 1 1
250 1 1
251 1 1
252 0 0
253 1 1
254 1 1
255 1 1
256 1 1
257 1 1
258 1 1
259 0 0
260 1 1
261 0 0
262 1 1
263 0 0
264 1 1
265 1 1
266 1 1
267 0 0
268 0 0
269 1 1
270 1 1
271 0 0
272 0 0
273 0 0
274 0 0
275 0 0
276 0 0
277 1 1
278 1 1
279 0 0
280 1 1
281 1 1
282 0 0
283 0 0
284 0 0
285 0 0
286 1 1
287 1 1
288 0 0
289 0 0
290 1 1
291 0 0
292 1 1
293 0 0
294 1 1
295 1 1
296 0 0
297 1 1
298 0 0
299 1 1
300 1 1
301 1 1
302 1 1
303 0 0
304 0 0
305 1 1
306 1 1
307 1 1
308 1 1
309 0 0
310 1 1
311 0 0
312 0 0
313 0 0
314 0 0
315 1 1
316 0 0
317 1 1
318 1 1
319 1 1
320 0 0
321 1 1
322 1 1
323 1 1
324 1 1
325 1 1
326 0 0
327 0 0
328 1 1
329 1 1
330 1 1
331 0 0
332 1 1
333 1 1
334 1 1
335 1 1
336 0 0
337 1 1
338 0 0
339 1 0
340 1 1
341 1 1
342 0 0
343 1 1
344 0 0
345 0 0
346 1 1
347 1 1
348 1 1
349 0 0
350 0 0
351 1 1
352 1 1
353 0 0
354 1 1
355 1 1
356 0 0
357 0 0
358 1 1
359 1 1
360 1 1
361 1 1
362 1 0
363 1 1
364 0 0
365 1 1
366 1 1
367 1 1
368 1 0
369 1 1
370 1 1
371 0 0
372 0 0
373 0 0
374 1 1
375 1 1
376 1 1
377 0 0
378 0 0
379 1 1
380 0 0
381 0 1
382 1 1
383 0 1
384 0 0
385 1 1
386 1 1
387 1 1
388 0 0
389 0 0
390 1 1
391 0 0
392 1 1
393 0 0
394 1 1
395 1 1
396 0 0
397 0 0
398 0 1
399 0 0
400 0 1
401 1 1
402 1 1
403 0 0
404 1 1
405 0 0
406 0 0
407 1 1
408 0 0
409 0 0
410 0 0
411 1 1
412 1 1
413 1 1
414 1 1
415 1 1
416 1 1
417 0 0
418 0 0
419 1 1
420 0 0
421 0 0
422 1 1
423 0 0
424 1 1
425 0 0
426 1 1
427 1 0
428 0 0
429 1 1
430 0 0
431 0 0
432 1 1
433 1 1
434 0 0
435 1 1
436 1 1
437 0 0
438 0 0
439 1 1
440 1 1
441 1 1
442 1 1
443 0 0
444 0 0
445 1 1
446 1 1
447 0 0
448 1 1
449 0 0
450 1 1
451 0 0
452 0 0
453 1 1
454 1 1
455 1 1
456 0 0
457 1 1
458 0 0
459 0 0
460 1 1
461 1 0
462 1 1
463 1 1
464 0 0
465 1 1
466 0 0
467 0 0
468 0 0
469 1 1
470 0 0
471 1 1
472 1 1
473 0 0
474 1 1
475 1 1
476 0 0
477 0 0
478 0 0
479 1 1
480 0 0
481 1 1
482 0 0
483 0 0
484 1 1
485 1 1
486 1 1
487 1 1
488 0 0
489 1 1
490 1 1
491 0 0
492 0 0
493 1 1
494 1 1
495 0 0
496 1 1
497 1 1
498 0 0
499 0 0
500 0 0
501 1 1
502 1 1
503 1 1
504 0 1
505 0 0
506 0 0
507 0 0
508 1 1
509 1 1
510 1 0
511 0 0
512 0 0
513 1 1
514 1 1
515 0 0
516 1 1
517 0 0
518 0 0
519 1 1
520 0 0
521 0 0
522 0 0
523 0 0
524 0 0
525 1 1
526 0 0
527 0 0
528 0 0
529 0 0
530 0 1
531 0 0
532 1 1
533 1 1
534 0 0
535 0 0
536 1 1
537 0 0
538 0 0
539 1 1
540 0 0
541 0 0
542 1 1
543 0 0
544 1 1
545 1 1
546 1 1
547 0 0
548 1 1
549 1 1
550 1 1
551 0 0
552 1 1
553 1 1
554 1 1
555 1 1
556 1 1
557 1 1
558 0 0
559 0 0
560 1 1
561 1 1
562 1 1
563 1 1
564 1 1
565 0 0
566 0 0
567 1 1
568 0 1
569 1 1
570 0 0
571 0 0
572 0 0
573 1 1
574 0 0
575 1 1
576 0 0
577 1 1
578 1 1
579 1 1
580 0 0
581 1 1
582 0 1
583 1 1
584 1 1
585 1 1
586 1 1
587 0 0
588 0 0
589 0 0
590 0 0
591 0 0
592 1 1
593 0 0
594 1 1
595 0 0
596 1 1
597 0 0
598 1 1
599 0 0
600 1 1
601 1 1
602 0 0
603 0 0
604 0 0
605 1 1
606 1 1
607 1 1
608 1 1
609 1 1
610 0 0
611 1 1
612 1 1
613 0 0
614 1 1
615 1 1
616 1 1
617 1 1
618 0 0
619 1 1
620 0 0
621 1 1
622 0 0
623 1 1
624 0 0
625 1 1
626 0 0
627 1 1
628 1 1
629 1 1
630 1 1
631 1 1
632 1 1
633 0 0
634 0 0
635 1 1
636 1 1
637 0 0
638 1 1
639 0 0
640 1 1
641 1 1
642 1 1
643 0 1
644 0 0
645 0 0
646 0 0
647 0 0
648 1 1
649 1 1
650 1 1
651 1 1
652 1 1
653 0 0
654 0 0
655 0 0
656 0 0
657 0 0
658 1 1
659 1 1
660 0 0
661 1 1
662 0 0
663 0 0
664 0 0
665 1 1
666 1 1
667 1 1
668 1 1
669 1 1
670 1 1
671 0 0
672 1 1
673 0 0
674 0 0
675 1 1
676 0 0
677 1 1
678 0 0
679 0 0
680 0 0
681 1 1
682 0 0
683 0 1
684 1 1
685 1 1
686 1 1
687 0 0
688 0 0
689 1 1
690 1 1
691 1 1
692 1 1
693 1 0
694 0 1
695 0 0
696 0 0
697 0 0
698 1 1
699 0 0
700 0 0
701 1 1
702 0 0
703 0 0
704 0 0
705 1 1
706 0 0
707 1 1
708 1 1
709 1 1
710 1 1
711 1 1
712 0 0
713 1 0
714 1 1
715 1 1
716 0 0
717 0 0
718 0 0
719 1 1
720 0 0
721 0 0
722 1 1
723 1 1
724 0 0
725 1 1
726 1 1
727 0 0
728 0 0
729 1 1
730 0 0
731 1 1
732 0 0
733 0 0
734 1 1
735 0 0
736 1 1
737 1 1
738 0 0
739 1 1
740 1 1
741 1 1
742 1 1
743 0 0
744 1 1
745 1 1
746 1 1
747 1 1
748 0 0
749 1 1
750 1 1
751 0 0
752 0 0
753 0 0
754 0 0
755 1 1
756 0 0
757 1 1
758 0 0
759 0 0
760 1 1
761 1 1
762 0 0
763 0 0
764 0 0
765 1 1
766 1 1
767 0 0
768 1 1
769 0 0
770 0 0
771 1 1
772 1 1
773 1 1
774 1 1
775 0 0
776 0 0
777 1 1
778 0 0
779 1 1
780 0 0
781 1 1
782 1 1
783 0 0
784 0 0
785 1 1
786 1 1
787 1 1
788 0 0
789 0 0
790 0 0
791 0 0
792 0 0
793 1 1
794 1 1
795 0 0
796 0 1
797 1 1
798 0 0
799 0 0
800 1 1
801 1 1
802 0 0
803 0 0
804 0 0
805 1 1
806 1 1
807 0 0
808 1 1
809 0 0
810 0 0
811 1 1
812 1 1
813 0 0
814 0 0
815 0 0
816 1 1
817 0 0
818 1 1
819 1 1
820 0 0
821 0 0
822 1 1
823 0 0
824 1 1
825 0 0
826 0 0
827 0 0
828 1 1
829 0 0
830 0 0
831 0 0
832 1 1
833 1 1
834 1 1
835 1 1
836 1 1
837 1 1
838 0 0
839 0 0
840 0 0
841 1 1
842 0 0
843 0 0
844 1 1
845 0 0
846 0 0
847 0 0
848 0 0
849 1 1
850 1 1
851 0 0
852 0 0
853 0 0
854 1 1
855 0 0
856 0 0
857 1 1
858 1 1
859 1 1
860 0 0
861 0 0
862 1 1
863 0 0
864 1 1
865 0 0
866 1 1
867 1 1
868 1 1
869 1 1
870 0 0
871 0 0
872 0 0
873 1 1
874 0 0
875 0 0
876 1 0
877 0 0
878 0 0
879 0 0
880 0 0
881 1 1
882 1 1
883 0 0
884 0 0
885 1 1
886 1 1
887 1 1
888 0 0
889 1 1
890 0 0
891 0 1
892 1 1
893 1 1
894 0 0
895 1 1
896 1 1
897 0 0
898 0 0
899 1 1
900 0 0
901 1 1
902 0 0
903 0 0
904 1 1
905 1 1
906 1 1
907 1 1
908 0 0
909 1 1
910 0 0
911 1 1
912 0 0
913 1 1
914 0 0
915 1 1
916 1 1
917 1 1
918 0 0
919 0 0
920 1 1
921 0 0
922 0 0
923 1 1
924 1 1
925 1 1
926 0 0
927 1 1
928 1 1
929 1 1
930 0 1
931 0 0
932 0 0
933 0 0
934 1 1
935 0 0
936 1 1
937 0 0
938 1 1
939 1 1
940 1 1
941 0 1
942 0 0
943 1 1
944 0 0
945 0 1
946 1 1
947 0 0
948 1 1
949 0 0
950 0 0
951 0 0
952 1 1
953 0 0
954 1 1
955 0 0
956 1 1
957 0 0
958 1 1
959 1 1
960 0 0
961 0 0
962 1 1
963 1 1
964 0 0
965 0 0
966 0 0
967 0 0
968 1 0
969 0 0
970 0 0
971 0 0
972 1 1
973 0 0
974 1 1
975 1 1
976 1 1
977 1 1
978 1 1
979 1 1
980 0 0
981 1 1
982 1 1
983 0 0
984 1 1
985 0 1
986 1 1
987 0 0
988 1 1
989 0 0
990 1 1
991 1 1
992 0 0
993 0 0
994 1 1
995 1 1
996 1 1
997 1 1
998 1 1
999 0 0
1000 0 0
1001 0 0
1002 1 1
1003 0 0
1004 1 1
1005 1 1
1006 0 0
1007 1 1
1008 1 1
1009 1 1
1010 1 1
1011 1 1
1012 0 0
1013 1 1
1014 1 1
1015 1 1
1016 1 1
1017 1 0
1018 0 1
1019 1 1
1020 0 0
1021 0 0
1022 0 0
1023 1 1
1024 1 1
1025 1 1
1026 1 1
1027 1 1
1028 1 1
1029 1 1
1030 1 1
1031 1 1
1032 0 0
1033 0 0
1034 1 1
1035 0 0
1036 0 0
1037 1 1
1038 1 1
1039 1 1
1040 0 0
1041 1 1
1042 1 1
1043 0 0
1044 1 1
1045 1 1
1046 0 0
1047 1 1
1048 0 0
1049 0 0
1050 0 0
1051 1 1
1052 1 1
1053 0 0
1054 1 1
1055 0 0
1056 0 0
1057 0 0
1058 1 1
1059 0 0
1060 1 1
1061 0 0
1062 0 0
1063 1 1
1064 0 0
1065 0 0
1066 1 1
1067 1 1
1068 0 0
1069 1 0
1070 1 1
1071 1 1
1072 1 1
1073 0 0
1074 0 0
1075 0 0
1076 1 1
1077 1 1
1078 0 0
1079 0 0
1080 0 0
1081 0 0
1082 0 0
1083 1 1
1084 0 0
1085 1 0
1086 1 0
1087 1 1
1088 1 1
1089 0 0
1090 1 1
1091 0 0
1092 1 1
1093 1 1
1094 1 1
1095 1 1
1096 0 0
1097 1 1
1098 1 1
1099 1 1
1100 0 0
1101 1 1
1102 1 1
1103 0 0
1104 0 1
1105 1 1
1106 1 1
1107 1 1
1108 0 0
1109 0 0
1110 0 1
1111 1 1
1112 0 0
1113 0 0
1114 1 1
1115 1 1
1116 1 1
1117 1 1
1118 1 1
1119 0 0
1120 1 1
1121 0 0
1122 1 1
1123 0 0
1124 1 1
1125 0 0
1126 1 1
1127 1 1
1128 1 1
1129 1 0
1130 1 1
1131 0 0
1132 0 0
1133 0 0
1134 0 0
1135 1 1
1136 0 0
1137 0 0
1138 0 0
1139 0 0
1140 0 0
1141 1 1
1142 1 1
1143 0 0
1144 1 0
1145 1 1
1146 1 1
1147 1 1
1148 0 0
1149 0 0
1150 1 1
1151 1 1
1152 1 1
1153 1 1
1154 1 1
1155 1 1
1156 0 0
1157 1 1
1158 0 0
1159 1 1
1160 1 1
1161 0 0
1162 1 1
1163 1 1
1164 0 0
1165 1 1
1166 1 1
1167 1 1
1168 0 0
1169 1 1
1170 0 0
1171 1 1
1172 0 0
1173 1 1
1174 0 0
1175 1 1
1176 0 0
1177 0 0
1178 0 0
1179 0 0
1180 1 1
1181 0 0
1182 1 1
1183 0 0
1184 0 0
1185 1 1
1186 1 1
1187 0 0
1188 1 1
1189 1 1
1190 1 1
1191 1 1
1192 0 0
1193 1 1
1194 0 0
1195 0 0
1196 1 1
1197 1 1
1198 1 1
1199 1 1
1200 0 0
1201 1 1
1202 0 0
1203 0 0
1204 1 1
1205 1 1
1206 1 1
1207 1 1
1208 0 0
1209 0 0
1210 1 1
1211 0 0
1212 1 1
1213 0 0
1214 0 0
1215 0 0
1216 0 0
1217 1 0
1218 1 1
1219 0 0
1220 0 0
1221 0 0
1222 1 1
1223 0 0
1224 0 0
1225 0 0
1226 0 0
1227 1 1
1228 0 0
1229 0 1
1230 0 0
1231 1 1
1232 0 0
1233 1 1
1234 0 0
1235 0 0
1236 0 0
1237 1 1
1238 0 0
1239 0 0
1240 0 0
1241 0 0
1242 1 1
1243 1 1
1244 1 0
1245 0 0
1246 0 0
1247 1 1
1248 0 1
1249 1 1
1250 1 1
1251 0 0
1252 1 1
1253 1 1
1254 0 1
1255 1 1
1256 0 0
1257 1 1
1258 0 0
1259 1 1
1260 0 0
1261 1 1
1262 1 1
1263 1 1
1264 1 0
1265 1 1
1266 0 0
1267 0 0
1268 1 1
1269 1 1
1270 1 1
1271 1 1
1272 1 1
1273 0 0
1274 0 0
1275 0 0
1276 0 0
1277 0 1
1278 1 1
1279 1 1
1280 1 1
1281 0 0
1282 1 1
1283 1 1
1284 1 1
1285 1 1
1286 0 0
1287 0 0
1288 0 0
1289 1 1
1290 0 0
1291 0 0
1292 0 0
1293 1 1
1294 1 1
1295 1 1
1296 0 0
1297 0 0
1298 0 0
1299 1 1
1300 0 0
1301 1 1
1302 1 1
1303 0 0
1304 1 1
1305 0 0
1306 0 0
1307 1 1
1308 1 1
1309 1 1
1310 0 0
1311 1 1
1312 1 1
1313 1 1
1314 0 0
1315 1 1
1316 1 1
1317 0 1
1318 0 0
1319 1 1
1320 1 0
1321 0 0
1322 0 0
1323 1 1
1324 0 0
1325 1 1
1326 0 1
1327 0 0
1328 1 1
1329 1 1
1330 0 0
1331 1 1
1332 1 1
1333 1 1
1334 0 0
1335 1 0
1336 1 1
1337 1 1
1338 0 1
1339 0 0
1340 1 1
1341 1 0
1342 1 1
1343 0 0
1344 1 1
1345 1 1
1346 1 1
1347 1 0
1348 1 0
1349 1 1
1350 0 0
1351 1 1
1352 0 0
1353 1 1
1354 0 0
1355 1 1
1356 1 1
1357 0 0
1358 0 0
1359 0 0
1360 0 0
1361 1 1
1362 1 1
1363 1 1
1364 0 0
1365 1 1
1366 0 0
1367 1 1
1368 1 1
1369 0 0
1370 0 0
1371 0 0
1372 0 0
1373 1 1
1374 1 0
1375 1 1
1376 1 1
1377 0 0
1378 1 0
1379 1 1
1380 1 1
1381 1 1
1382 1 1
1383 0 0
1384 0 0
1385 0 0
1386 0 0
1387 1 1
1388 1 1
1389 0 0
1390 0 0
1391 1 1
1392 1 1
1393 0 0
1394 1 1
1395 1 0
1396 0 0
1397 0 0
1398 1 1
1399 0 0
1400 1 1
1401 1 1
1402 1 1
1403 1 1
1404 0 0
1405 0 0
1406 1 1
1407 0 0
1408 0 0
1409 0 0
1410 0 0
1411 0 0
1412 1 1
1413 0 0
1414 0 0
1415 0 0
1416 0 0
1417 1 1
1418 1 1
1419 1 1
1420 1 1
1421 1 0
1422 0 0
1423 0 0
1424 1 1
1425 1 1
1426 0 0
1427 1 1
1428 0 0
1429 1 1
1430 0 0
1431 0 0
1432 1 1
1433 0 0
1434 0 0
1435 1 1
1436 0 0
1437 0 0
1438 0 0
1439 1 1
1440 0 0
1441 1 1
1442 1 1
1443 1 1
1444 1 1
1445 1 1
1446 0 0
1447 0 0
1448 0 0
1449 1 1
1450 1 1
1451 1 1
1452 0 0
1453 1 1
1454 0 0
1455 1 1
1456 1 1
1457 0 0
1458 1 1
1459 1 1
1460 1 1
1461 1 1
1462 1 1
1463 1 1
1464 0 0
1465 0 0
1466 0 0
1467 1 1
1468 1 1
1469 0 0
1470 0 0
1471 1 1
1472 1 1
1473 0 0
1474 1 1
1475 1 1
1476 1 1
1477 1 1
1478 0 0
1479 1 1
1480 1 1
1481 1 1
1482 0 0
1483 1 1
1484 0 0
1485 1 1
1486 0 0
1487 1 1
1488 1 1
1489 1 1
1490 1 1
1491 0 0
1492 1 1
1493 0 0
1494 1 1
1495 0 0
1496 0 0
1497 0 0
1498 0 0
1499 0 0
1500 0 0
1501 1 1
1502 1 1
1503 0 0
1504 1 1
1505 0 0
1506 1 1
1507 1 1
1508 1 1
1509 1 1
1510 0 0
1511 1 1
1512 1 1
1513 0 0
1514 1 1
1515 0 0
1516 0 1
1517 0 0
1518 1 1
1519 1 1
1520 0 0
1521 1 1
1522 1 1
1523 0 0
1524 0 0
1525 1 1
1526 1 1
1527 0 0
1528 1 1
1529 1 1
1530 0 0
1531 1 1
1532 0 0
1533 0 0
1534 0 0
1535 1 1
1536 0 0
1537 1 0
1538 1 1
1539 1 1
1540 0 0
1541 0 1
1542 0 0
1543 0 0
1544 0 0
1545 1 1
1546 0 0
1547 0 0
1548 1 1
1549 1 1
1550 0 0
1551 1 1
1552 0 0
1553 1 1
1554 0 0
1555 1 1
1556 1 1
1557 1 1
1558 0 0
1559 0 0
1560 1 1
1561 1 0
1562 1 1
1563 1 1
1564 1 1
1565 1 1
1566 0 0
1567 1 1
1568 1 1
1569 1 1
1570 0 0
1571 1 1
1572 1 1
1573 0 0
1574 1 1
1575 0 0
1576 1 0
1577 1 1
1578 1 1
1579 1 1
1580 0 0
1581 1 1
1582 1 1
1583 0 0
1584 0 0
1585 1 1
1586 1 1
1587 1 1
1588 0 0
1589 0 0
1590 0 0
1591 0 0
1592 0 0
1593 0 0
1594 0 0
1595 0 0
1596 0 1
1597 0 0
1598 1 1
1599 0 0
1600 1 1
1601 1 1
1602 0 0
1603 1 1
1604 1 1
1605 1 1
1606 0 0
1607 1 1
1608 1 1
1609 0 0
1610 0 0
1611 0 0
1612 1 1
1613 0 0
1614 1 1
1615 1 1
1616 0 0
1617 0 0
1618 0 0
1619 1 1
1620 1 1
1621 0 0
1622 0 0
1623 1 1
1624 0 0
1625 1 1
1626 1 1
1627 0 0
1628 1 1
1629 0 0
1630 1 1
1631 1 1
1632 0 0
1633 1 1
1634 0 0
1635 0 0
1636 0 0
1637 0 0
1638 1 1
1639 1 1
1640 1 1
1641 0 0
1642 1 1
1643 1 1
1644 0 0
1645 1 1
1646 1 1
1647 0 0
1648 0 0
1649 1 1
1650 1 1
1651 1 1
1652 1 1
1653 0 0
1654 1 1
1655 1 0
1656 0 0
1657 1 1
1658 1 1
1659 1 1
1660 1 1
1661 1 1
1662 0 0
1663 0 0
1664 1 1
1665 1 1
1666 0 0
1667 1 1
1668 0 0
1669 0 0
1670 1 1
1671 1 1
1672 1 1
1673 0 0
1674 1 1
1675 1 1
1676 0 0
1677 0 0
1678 1 1
1679 1 1
1680 1 1
1681 0 0
1682 1 1
1683 1 1
1684 0 0
1685 0 0
1686 1 1
1687 1 1
1688 1 1
1689 0 0
1690 1 1
1691 0 0
1692 1 1
1693 0 0
1694 1 1
1695 1 1
1696 0 1
1697 0 0
1698 1 0
1699 1 1
1700 1 1
1701 1 1
1702 0 0
1703 0 0
1704 0 0
1705 0 0
1706 0 0
1707 1 1
1708 1 1
1709 1 1
1710 1 1
1711 1 1
1712 1 1
1713 1 1
1714 0 0
1715 0 0
1716 0 0
1717 0 0
1718 1 1
1719 1 1
1720 0 0
1721 1 1
1722 1 1
1723 1 1
1724 0 0
1725 1 1
1726 1 1
1727 1 1
1728 0 1
1729 0 0
1730 1 1
1731 1 1
1732 1 1
1733 1 1
1734 0 0
1735 0 0
1736 0 0
1737 1 1
1738 1 1
1739 1 1
1740 0 1
1741 1 1
1742 1 0
1743 1 1
1744 1 1
1745 1 1
1746 0 0
1747 0 0
1748 1 1
1749 0 0
1750 1 1
1751 1 1
1752 1 1
1753 0 0
1754 1 1
1755 1 1
1756 0 0
1757 1 1
1758 1 1
1759 1 1
1760 1 1
1761 1 1
1762 0 0
1763 1 1
1764 1 1
1765 0 0
1766 0 0
1767 0 0
1768 1 1
1769 0 0
1770 1 1
1771 0 0
1772 0 0
1773 1 1
1774 0 0
1775 1 1
1776 0 0
1777 1 1
1778 0 0
1779 0 0
1780 0 0
1781 0 1
1782 0 0
1783 1 1
1784 0 0
1785 1 1
1786 1 1
1787 1 1
1788 0 0
1789 1 1
1790 0 0
1791 0 1
1792 0 0
1793 1 1
1794 1 1
1795 1 0
1796 1 1
1797 0 0
1798 0 1
1799 1 1
1800 1 1
1801 1 1
1802 0 0
1803 1 1
1804 1 1
1805 0 0
1806 0 0
1807 1 1
1808 1 1
1809 0 0
1810 0 0
1811 1 1
1812 1 1
1813 1 1
1814 1 1
1815 1 1
1816 1 1
1817 1 1
1818 1 1
1819 1 1
1820 1 1
1821 1 1
1822 0 0
1823 0 1
1824 0 0
1825 1 1
1826 0 0
1827 1 1
1828 0 0
1829 0 0
1830 0 0
1831 1 1
1832 1 1
1833 1 1
1834 0 0
1835 1 1
1836 0 0
1837 1 1
1838 0 0
1839 0 0
1840 1 1
1841 1 1
1842 1 1
1843 0 0
1844 0 0
1845 1 1
1846 0 0
1847 1 1
1848 0 0
1849 1 1
1850 0 0
1851 1 1
1852 0 0
1853 0 0
1854 0 0
1855 0 0
1856 1 1
1857 0 0
1858 1 1
1859 0 0
1860 0 0
1861 1 1
1862 0 0
1863 1 1
1864 1 1
1865 0 0
1866 0 0
1867 0 0
1868 0 0
1869 0 0
1870 0 1
1871 0 0
1872 0 1
1873 0 0
1874 0 0
1875 0 0
1876 1 1
1877 1 1
1878 0 0
1879 0 0
1880 0 0
1881 0 0
1882 1 1
1883 0 0
1884 0 0
1885 1 1
1886 0 0
1887 1 1
1888 0 0
1889 1 1
1890 1 1
1891 1 1
1892 1 1
1893 0 0
1894 1 1
1895 1 1
1896 1 1
1897 1 1
1898 0 0
1899 1 1
1900 1 1
1901 1 1
1902 0 0
1903 1 1
1904 1 1
1905 1 1
1906 0 0
1907 0 0
1908 1 0
1909 1 1
1910 1 1
1911 0 0
1912 1 1
1913 1 1
1914 1 1
1915 0 0
1916 1 1
1917 1 1
1918 1 1
1919 0 0
1920 1 1
1921 1 1
1922 0 0
1923 1 1
1924 0 0
1925 1 1
1926 0 0
1927 0 0
1928 0 0
1929 0 0
1930 0 0
1931 0 0
1932 1 1
1933 1 1
1934 1 1
1935 1 1
1936 0 0
1937 0 0
1938 0 0
1939 0 0
1940 1 1
1941 1 1
1942 1 1
1943 1 1
1944 1 1
1945 1 1
1946 0 0
1947 1 1
1948 1 1
1949 1 1
1950 0 0
1951 0 0
1952 1 1
1953 0 0
1954 1 1
1955 1 1
1956 0 0
1957 1 1
1958 0 0
1959 0 0
1960 1 1
1961 1 1
1962 1 1
1963 1 1
1964 0 0
1965 1 1
1966 0 0
1967 1 1
1968 1 1
1969 1 1
1970 0 0
1971 1 1
1972 1 1
1973 0 0
1974 0 0
1975 1 1
1976 1 1
1977 0 0
1978 1 1
1979 1 1
1980 1 1
1981 0 0
1982 0 0
1983 1 1
1984 1 1
1985 0 0
1986 1 1
1987 1 1
1988 0 0
1989 0 0
1990 1 1
1991 1 1
1992 1 1
1993 1 1
1994 0 0
1995 1 1
1996 1 1
1997 1 1
1998 1 1
1999 0 0
2000 0 0
2001 1 1
2002 1 1
2003 0 0
2004 1 1
2005 1 1
2006 0 0
2007 1 1
2008 0 0
2009 1 1
2010 0 0
2011 1 1
2012 1 1
2013 1 0
2014 1 1
2015 1 1
2016 1 1
2017 1 1
2018 0 0
2019 0 0
2020 1 1
2021 1 1
2022 1 1
2023 0 0
2024 0 0
2025 0 0
2026 1 1
2027 0 0
2028 1 1
2029 0 0
2030 0 0
2031 1 1
2032 0 0
2033 0 0
2034 1 1
2035 1 1
2036 0 0
2037 1 1
2038 1 1
2039 0 0
2040 1 1
2041 1 1
2042 0 0
2043 1 1
2044 0 0
2045 0 0
2046 0 0
2047 0 0
2048 1 1
2049 0 0
2050 1 1
2051 1 1
2052 1 1
2053 1 1
2054 0 0
2055 0 0
2056 1 1
2057 1 1
2058 1 1
2059 1 1
2060 1 1
2061 1 1
2062 0 0
2063 1 1
2064 1 1
2065 1 1
2066 1 1
2067 1 1
2068 0 0
2069 0 0
2070 0 0
2071 0 0
2072 0 0
2073 1 1
2074 1 1
2075 1 1
2076 1 1
2077 1 1
2078 0 0
2079 0 0
2080 1 1
2081 1 1
2082 0 0
2083 0 0
2084 1 1
2085 1 1
2086 1 1
2087 1 0
2088 1 1
2089 0 0
2090 0 0
2091 0 0
2092 0 0
2093 1 1
2094 1 0
2095 0 0
2096 1 1
2097 1 1
2098 1 1
2099 1 1
2100 0 0
2101 1 1
2102 0 0
2103 1 1
2104 0 0
2105 1 1
2106 0 0
2107 1 1
2108 0 0
2109 0 0
2110 1 1
2111 1 1
2112 1 1
2113 1 1
2114 0 0
2115 1 1
2116 0 0
2117 1 1
2118 1 1
2119 1 1
2120 1 1
2121 1 1
2122 1 1
2123 1 0
2124 1 1
2125 0 0
2126 1 1
2127 1 1
2128 0 0
2129 1 1
2130 1 1
2131 0 0
2132 0 0
2133 1 1
2134 0 0
2135 0 0
2136 1 1
2137 0 0
2138 0 0
2139 1 1
2140 1 1
2141 1 1
2142 1 0
2143 0 1
2144 0 0
2145 1 1
2146 0 0
2147 1 1
2148 0 0
2149 1 1
2150 1 1
2151 1 1
2152 1 1
2153 1 1
2154 0 0
2155 1 1
2156 0 0
2157 1 1
2158 0 0
2159 1 1
2160 0 0
2161 0 0
2162 1 1
2163 0 1
2164 0 0
2165 0 0
2166 1 1
2167 0 0
2168 1 1
2169 0 1
2170 1 1
2171 1 1
2172 0 0
2173 0 0
2174 0 0
2175 1 1
2176 1 1
2177 0 0
2178 0 0
2179 1 1
2180 0 0
2181 1 1
2182 0 0
2183 1 1
2184 0 0
2185 0 0
2186 0 0
2187 1 1
2188 1 1
2189 1 1
2190 0 0
2191 0 0
2192 0 0
2193 0 0
2194 1 1
2195 1 1
2196 0 0
2197 1 1
2198 1 1
2199 1 1
2200 1 1
2201 0 0
2202 1 1
2203 0 0
2204 0 0
2205 0 0
2206 0 0
2207 1 1
2208 1 1
2209 1 1
2210 0 0
2211 1 1
2212 0 0
2213 1 1
2214 1 1
2215 1 1
2216 0 0
2217 0 0
2218 0 0
2219 1 1
2220 1 1
2221 0 0
2222 1 1
2223 1 1
2224 1 1
2225 1 1
2226 1 1
2227 1 1
2228 1 1
2229 0 0
2230 1 1
2231 0 0
2232 1 1
2233 1 1
2234 1 1
2235 1 1
2236 0 0
2237 1 1
2238 0 0
2239 0 0
2240 1 1
2241 1 1
2242 1 1
2243 1 1
2244 0 0
2245 0 0
2246 1 1
2247 1 1
2248 0 0
2249 1 1
2250 0 0
2251 1 1
2252 1 1
2253 1 1
2254 0 0
2255 1 1
2256 1 1
2257 0 0
2258 0 0
2259 1 1
2260 0 0
2261 1 1
2262 1 1
2263 1 1
2264 1 0
2265 1 1
2266 1 1
2267 1 1
2268 1 1
2269 1 1
2270 1 0
2271 0 0
2272 0 0
2273 1 1
2274 0 0
2275 1 1
2276 0 0
2277 1 1
2278 1 1
2279 0 0
2280 1 0
2281 0 0
2282 0 0
2283 1 1
2284 1 1
2285 1 1
2286 1 1
2287 1 1
2288 1 0
2289 0 0
2290 0 0
2291 1 1
2292 0 0
2293 0 0
2294 0 0
2295 1 1
2296 1 1
2297 1 1
2298 1 1
2299 1 1
2300 1 1
2301 1 1
2302 1 1
2303 0 0
2304 1 1
2305 0 0
2306 0 0
2307 1 1
2308 0 1
2309 0 0
2310 0 0
2311 1 1
2312 0 0
2313 0 0
2314 0 0
2315 0 0
2316 1 1
2317 0 0
2318 0 0
2319 0 1
2320 1 1
2321 0 0
2322 0 0
2323 1 1
2324 0 0
2325 0 1
2326 1 1
2327 0 0
2328 1 1
2329 1 1
2330 0 0
2331 1 1
2332 1 1
2333 0 0
2334 1 1
2335 1 1
2336 1 1
2337 0 0
2338 1 1
2339 0 0
2340 0 0
2341 1 1
2342 0 0
2343 1 1
2344 0 0
2345 1 1
2346 0 1
2347 1 1
2348 0 0
2349 0 0
2350 1 1
2351 0 0
2352 0 0
2353 0 0
2354 0 0
2355 0 0
2356 0 0
2357 1 1
2358 1 1
2359 1 1
2360 0 0
2361 0 0
2362 1 1
2363 0 0
2364 1 1
2365 1 1
2366 1 1
2367 1 1
2368 1 1
2369 1 1
2370 0 0
2371 0 0
2372 1 1
2373 1 1
2374 0 0
2375 0 0
2376 1 1
2377 1 1
2378 1 1
2379 1 1
2380 0 0
2381 1 1
2382 0 0
2383 1 1
2384 0 0
2385 0 0
2386 1 1
2387 1 0
2388 1 1
2389 0 0
2390 1 1
2391 1 1
2392 1 1
2393 0 0
2394 0 0
2395 1 0
2396 1 1
2397 1 1
2398 0 0
2399 1 1
2400 1 1
2401 1 1
2402 0 0
2403 0 0
2404 0 0
2405 0 0
2406 0 0
2407 0 0
2408 1 1
2409 1 1
2410 1 1
2411 1 0
2412 1 1
2413 0 0
2414 0 0
2415 0 0
2416 1 1
2417 0 0
2418 0 1
2419 0 0
2420 1 1
2421 1 1
2422 1 1
2423 0 0
2424 1 1
2425 0 0
2426 0 0
2427 0 0
2428 1 1
2429 1 0
2430 0 0
2431 1 1
2432 1 1
2433 1 1
2434 1 1
2435 1 1
2436 0 0
2437 1 1
2438 0 0
2439 1 1
2440 0 0
2441 1 1
2442 0 0
2443 1 1
2444 1 1
2445 1 1
2446 0 0
2447 1 1
2448 0 0
2449 1 1
2450 1 1
2451 1 1
2452 1 1
2453 0 0
2454 1 1
2455 1 1
2456 0 0
2457 0 0
2458 1 1
2459 1 1
2460 1 1
2461 1 1
2462 1 1
2463 0 0
2464 1 1
2465 1 1
2466 0 0
2467 1 1
2468 1 1
2469 1 1
2470 0 0
2471 0 1
2472 1 1
2473 1 1
2474 1 1
2475 1 1
2476 0 0
2477 0 0
2478 0 0
2479 0 0
2480 1 1
2481 0 1
2482 1 1
2483 0 0
2484 1 1
2485 0 0
2486 0 0
2487 0 0
2488 1 1
2489 1 1
2490 0 0
2491 0 1
2492 1 1
2493 1 1
2494 1 0
2495 1 1
2496 0 0
2497 0 0
2498 1 1
2499 1 1
2500 1 1
2501 0 0
2502 0 0
2503 0 0
2504 1 1
2505 0 0
2506 1 1
2507 0 0
2508 0 0
2509 1 1
2510 1 1
2511 0 0
2512 0 0
2513 0 0
2514 0 0
2515 1 1
2516 1 1
2517 1 1
2518 1 1
2519 1 1
2520 0 0
2521 0 0
2522 1 1
2523 0 0
2524 0 0
2525 1 1
2526 1 1
2527 1 1
2528 1 1
2529 1 1
2530 0 0
2531 0 0
2532 1 1
2533 1 1
2534 1 1
2535 1 1
2536 0 0
2537 0 0
2538 0 0
2539 0 0
2540 0 0
2541 1 1
2542 1 1
2543 1 1
2544 0 1
2545 0 0
2546 0 0
2547 1 1
2548 0 0
2549 0 0
2550 0 0
2551 0 0
2552 0 0
2553 1 1
2554 0 0
2555 1 1
2556 0 0
2557 0 0
2558 0 0
2559 0 0
2560 0 0
2561 1 1
2562 0 0
2563 1 1
2564 1 1
2565 1 1
2566 0 0
2567 1 0
2568 1 1
2569 1 0
2570 1 1
2571 0 0
2572 1 1
2573 0 0
2574 1 1
2575 0 0
2576 0 0
2577 0 0
2578 1 1
2579 1 1
2580 0 0
2581 1 1
2582 1 1
2583 1 1
2584 1 1
2585 1 1
2586 0 0
2587 0 0
2588 1 1
2589 0 0
2590 0 0
2591 1 1
2592 0 0
2593 0 0
2594 1 1
2595 1 1
2596 1 1
2597 1 1
2598 0 0
2599 0 0
2600 1 1
2601 1 1
2602 1 1
2603 1 1
2604 1 1
2605 0 0
2606 0 1
2607 1 1
2608 0 0
2609 0 0
2610 1 1
2611 0 0
2612 0 1
2613 0 0
2614 1 0
2615 0 0
2616 0 0
2617 0 0
2618 1 1
2619 0 0
2620 0 0
2621 1 1
2622 1 1
2623 0 0
2624 0 0
2625 0 0
2626 1 1
2627 0 0
2628 0 0
2629 0 0
2630 0 0
2631 0 0
2632 0 0
2633 0 0
2634 1 1
2635 0 0
2636 1 1
2637 0 0
2638 1 1
2639 1 1
2640 0 0
2641 0 0
2642 0 0
2643 0 0
2644 0 0
2645 1 1
2646 1 1
2647 1 1
2648 1 1
2649 0 0
2650 0 0
2651 0 1
2652 0 0
2653 1 1
2654 0 0
2655 0 0
2656 1 1
2657 1 1
2658 1 1
2659 0 0
2660 0 0
2661 1 1
2662 0 0
2663 0 0
2664 0 0
2665 1 1
2666 0 0
2667 0 0
2668 1 0
2669 1 0
2670 0 0
2671 1 1
2672 1 0
2673 1 1
2674 1 1
2675 1 1
2676 0 0
2677 0 0
2678 0 0
2679 1 1
2680 0 0
2681 1 1
2682 1 1
2683 1 1
2684 0 0
2685 1 1
2686 1 1
2687 0 0
2688 1 1
2689 0 0
2690 0 0
2691 0 0
2692 0 0
2693 1 1
2694 0 0
2695 0 0
2696 0 1
2697 0 0
2698 0 0
2699 0 0
2700 1 1
2701 1 1
